1 411.49942
2 335.842132
3 185.176834
4 183.535614
5 197.916087
6 247.835907
7 252.832069
8 173.099584
9 148.501481
10 218.878935
11 192.342597
12 195.089325
13 229.764621
14 226.554193
15 239.412617
16 206.278883
17 228.224336
18 438.311602
19 276.086248
20 313.125737
21 287.017667
22 386.40146
23 318.830455
24 395.598313
25 307.524551
26 328.064404
27 304.054414
28 358.533878
29 443.456992
30 422.393647
31 347.103908
32 492.822077
33 394.260529
34 396.584412
35 361.880339
36 486.177031
37 449.870047
38 421.231818
39 569.733449
40 435.821955
41 463.501111
42 400.417899
43 561.151608
44 444.316536
45 456.688601
46 459.654299
47 460.091761
48 505.994363
49 593.686466
50 514.878881
51 488.516458
52 557.273843
53 659.657591
54 736.668234
55 583.922604
56 534.999435
57 1035.805224
58 619.500232
59 819.460559
60 883.09807
61 733.3942
62 791.87878
63 705.939807
64 795.854627
65 813.964298
66 761.341793
67 853.977668
68 694.110382
69 690.834487
70 656.522031
71 874.616393
72 931.754584
73 787.155888
74 862.896434
75 786.075449
76 867.242463
77 804.52442
78 765.873708
79 1034.034571
80 1029.111061
81 959.229161
82 952.978552
83 887.925983
84 1401.140536
85 925.067175
86 965.294525
87 988.772827
88 951.879275
89 1057.093987
90 1209.337474
91 1299.683935
92 1000.193678
93 1425.701651
94 1026.56234
95 975.70354
96 953.939049
97 1007.099358
98 1617.879839
99 1202.957654
100 1132.572029
