3 3.29578E-4
4 5.7039E-5
5 5.1261E-5
6 5.705E-5
7 6.5551E-5
8 8.2827E-5
9 9.1166E-5
10 1.20674E-4
11 1.08619E-4
12 1.30768E-4
13 1.416E-4
14 1.64126E-4
15 1.63154E-4
16 1.87952E-4
17 2.08529E-4
18 2.24697E-4
19 2.49106E-4
20 2.67236E-4
21 2.92953E-4
22 3.26112E-4
23 3.52598E-4
24 4.05297E-4
25 3.9454E-4
26 4.173E-4
27 4.5822E-4
28 5.01658E-4
29 5.16255E-4
30 5.78896E-4
31 5.65543E-4
32 5.93857E-4
33 6.66057E-4
34 7.08496E-4
35 7.23162E-4
36 7.74072E-4
37 8.25495E-4
38 9.04441E-4
39 9.36598E-4
40 9.93426E-4
41 0.001049476
42 0.001131992
43 0.001166707
44 0.001201818
45 0.001229962
46 0.001352612
47 0.001399067
48 0.001464345
49 0.001549825
50 0.001635532
51 0.001718134
52 0.001855377
53 0.00191564
54 0.001909759
55 0.002029329
56 0.002110583
57 0.002223012
58 0.002353369
59 0.002415196
60 0.002479848
61 0.002687217
62 0.003499125
63 0.003487759
64 0.003775692
65 0.003849385
66 0.003989459
67 0.003945446
68 0.004247676
69 0.00454974
70 0.004011183
71 0.003916405
72 0.003985329
73 0.004031274
74 0.004302688
75 0.00436427
76 0.004512688
77 0.004658495
78 0.004849747
79 0.005194035
80 0.005184247
81 0.005413116
82 0.005555948
83 0.005762714
84 0.005919945
85 0.006204145
86 0.006310398
87 0.006705131
88 0.006607535
89 0.006887227
90 0.007070363
91 0.007322059
92 0.007503361
93 0.007777987
94 0.008015301
95 0.00812803
96 0.008417837
97 0.008606699
98 0.008915469
99 0.009031659
100 0.009356959
