1 305.355173
2 161.135405
3 75.781511
4 80.306468
5 78.195916
6 79.866114
7 69.192079
8 57.788412
9 59.645343
10 77.67015
11 65.358231
12 66.46105
13 60.564376
14 54.926491
15 60.972583
16 60.880868
17 68.056123
18 94.391734
19 67.45465
20 58.81914
21 78.836581
22 74.852867
23 75.120026
24 75.13166
25 74.40445
26 69.473105
27 73.117386
28 68.991287
29 68.799867
30 70.125766
31 74.16428
32 70.607128
33 72.774498
34 69.036894
35 66.510628
36 69.609564
37 73.548295
38 64.208355
39 73.953907
40 68.367822
41 79.651905
42 60.367503
43 66.347089
44 65.041844
45 62.551714
46 64.506288
47 63.711398
48 71.135469
49 95.112925
50 72.110307
51 74.589424
52 90.299513
53 117.52014
54 151.734989
55 98.401523
56 82.171104
57 255.27098
58 122.421319
59 165.527843
60 188.598329
61 139.529877
62 160.217818
63 142.389475
64 183.152519
65 181.435843
66 177.83486
67 211.977846
68 140.875852
69 140.771387
70 144.565827
71 209.924895
72 224.814897
73 188.199047
74 218.009981
75 197.306806
76 290.89448
77 215.338841
78 222.564015
79 348.26714
80 318.331401
81 260.463716
82 299.914774
83 265.6198
84 608.017894
85 292.194912
86 296.584359
87 332.247703
88 319.968113
89 345.920783
90 454.635082
91 488.961166
92 385.441214
93 719.275054
94 403.565871
95 383.569913
96 389.487669
97 425.926401
98 853.733791
99 522.687378
100 497.487985
