3 0.322689
4 0.05158
5 0.047401
6 0.052151
7 0.058678
8 0.072194
9 0.08639
10 0.254221
11 0.097889
12 0.120859
13 0.128583
14 0.152791
15 0.147756
16 0.169404
17 0.187601
18 0.208941
19 0.22973
20 0.253032
21 0.277708
22 0.319526
23 0.31102
24 0.333371
25 0.376498
26 0.389943
27 0.436329
28 0.474222
29 0.495151
30 0.518299
31 0.537757
32 0.574402
33 0.633788
34 0.677002
35 0.69203
36 0.743189
37 0.793888
38 0.873601
39 0.89772
40 0.953026
41 1.009865
42 1.088824
43 1.115812
44 1.163023
45 1.192736
46 1.304365
47 1.379
48 1.398829
49 1.494919
50 1.57684
51 1.655563
52 1.804738
53 1.804673
54 1.85583
55 1.970933
56 2.034988
57 2.155451
58 2.259164
59 2.332874
60 2.413441
61 2.607173
62 3.451094
63 3.594916
64 3.506452
65 3.860177
66 4.040081
67 3.936237
68 4.21545
69 4.397014
70 3.907743
71 3.828524
72 3.88368
73 3.939276
74 4.182216
75 4.245833
76 4.441131
77 4.57163
78 4.760469
79 5.11568
80 5.057888
81 5.294675
82 5.423045
83 5.682587
84 5.831799
85 6.152832
86 6.162071
87 6.476773
88 6.489562
89 6.785483
90 6.958518
91 7.224438
92 7.331098
93 7.639614
94 7.887816
95 7.985691
96 8.284144
97 8.473947
98 8.768608
99 8.877675
100 9.233668
