1 0.546216
2 0.355072
3 1.032361
4 5.269795
5 4.797553
6 9.118666
7 11.87313
8 35.907043
9 37.894774
10 39.500922
11 68.223624
12 110.663005
13 173.489327
14 145.936168
15 282.202362
16 243.070831
17 353.665141
18 612.138019
19 500.954678
20 545.068438
21 536.11253
22 797.37524
23 972.413154
24 1057.76835
25 371734.148825
26 1070.185904
27 1016.50647
28 928.675053
29 1114.279401
30 1964.526333
31 2065.755912
32 1732.144295
33 2251.189311
34 2256.456321
35 2807.761905
36 3558.010548
37 7250.573778
38 3872.46472
39 4587.588368
40 4789.942434
41 4883.836382
42 4889.582958
43 5485.127224
44 6317.128347
45 6286.34556
46 5014.322299
47 7435.810909
48 7475.951242
49 9336.495109
50 8628.54204
51 10219.983946
52 11321.416817
53 10020.523015
54 11618.737434
55 8326.1073
56 12752.136611
57 14149.241538
58 15704.874123
59 17741.544211
60 17435.898547
61 18740.754137
62 15023.638484
63 12748.402058
64 17422.926182
65 19407.481589
66 20354.345077
67 18028.560944
68 24991.995282
69 24095.097727
70 27145.278752
71 38678.579015
72 26750.457313
73 24233.998513
74 31993.003958
75 29514.64601
76 24046.906833
77 32729.212812
78 28042.485372
79 30512.379364
80 33338.067792
81 38448.647034
82 33340.813247
83 48987.776778
84 37798.708245
85 40809.601877
86 50840.639073
87 45365.757075
88 53491.078074
89 53145.475563
90 52784.07901
91 35147.251244
92 69553.653716
93 38423.363305
94 64688.222125
95 76691.105246
96 62249.254784
97 77794.57869
98 69508.679758
99 81672.818909
100 82486.489547
