1 0.412429
2 0.152897
3 0.411993
4 1.095859
5 1.210402
6 2.027087
7 2.342612
8 5.553063
9 7.62596
10 6.552574
11 11.174295
12 16.496318
13 24.143911
14 21.677289
15 39.274619
16 32.888019
17 47.460286
18 78.026174
19 64.707367
20 72.516587
21 69.862692
22 102.258195
23 136.100903
24 135.785639
25 150.255689
26 138.179321
27 132.234975
28 125.97882
29 152.156697
30 237.336227
31 245.697335
32 224.11528
33 283.982099
34 283.629716
35 331.356784
36 299.941417
37 333.367559
38 443.114413
39 518.728442
40 564.841501
41 612.128126
42 605.518526
43 608.947882
44 713.153754
45 697.722787
46 633.982337
47 832.626441
48 876.35283
49 1107.992046
50 973.093897
51 1110.6847
52 1315.37407
53 1161.32529
54 1293.059061
55 1022.408834
56 1438.956722
57 1675.966764
58 1765.680393
59 2011.777096
60 1963.435658
61 2123.40101
62 1802.316354
63 1472.148325
64 2016.006305
65 2193.617841
66 2231.971953
67 1887.162387
68 2578.772921
69 2583.416313
70 2884.253044
71 4119.100237
72 2993.844684
73 2633.375884
74 3453.576418
75 3228.508922
76 2649.767362
77 3675.96184
78 3036.272499
79 3522.574927
80 3774.165754
81 4361.411159
82 3863.648455
83 4961.789494
84 4009.998217
85 4394.657664
86 5352.430841
87 4918.333436
88 5893.437129
89 5727.932045
90 5640.385899
91 3897.942786
92 7333.141672
93 4163.618807
94 6598.432924
95 7915.226823
96 6569.690591
97 8504.805049
98 7417.530617
99 9179.846217
100 8867.073279
